class DruidCrimboHugeBlock extends DruidCrimboBlockB;

defaultproperties
{
     HealthMax=4000.000000
     Health=4000
     DrawScale=2.000000
     CollisionRadius=45.000000
     CollisionHeight=27.000000
     Mass=12000.000000
}
