class PlagueDeathSmoke extends PlagueSmoke;

defaultproperties
{
     mLifeRange(0)=11.000000
     mLifeRange(1)=12.000000
     mSpeedRange(0)=20.000000
     mSpeedRange(1)=80.000000
     mSizeRange(0)=60.000000
     mSizeRange(1)=90.000000
     mGrowthRate=10.000000
}
